4294967279,360
4294967293,131
4294967293,130
4294967293,129
4294967293,128
4294967293,127
4294967293,126
4294967293,125
4294967293,124
4294967293,123
4294967293,122
4294967293,121
4294967293,120
4294967293,119
4294967293,118
4294967293,117
4294967293,116
4294967293,115
4294967293,114
4294967293,113
4294967293,112
4294967293,111
4294967293,110
4294967293,109
4294967293,108
4294967293,107
4294967293,106
4294967293,105
4294967293,104
4294967293,103
4294967293,102
4294967293,101
4294967293,100
4294967293,99
4294967293,98
4294967293,97
4294967293,96
4294967293,95
4294967293,94
4294967293,93
4294967293,92
4294967293,91
4294967293,90
4294967293,89
4294967293,88
4294967293,87
4294967293,86
4294967293,85
4294967293,84
4294967293,83
4294967293,82
4294967293,81
4294967293,80
4294967293,79
4294967293,78
4294967293,77
4294967293,76
4294967293,75
4294967293,74
4294967293,73
4294967293,72
4294967293,71
4294967293,70
4294967293,69
4294967293,68
4294967293,67
4294967293,66
4294967293,65
4294967293,64
4294967293,63
4294967293,62
4294967293,61
4294967293,60
4294967293,59
4294967293,58
4294967293,57
4294967293,56
4294967293,55
4294967293,54
4294967293,53
4294967293,52
4294967293,51
4294967293,50
4294967293,49
4294967293,48
4294967293,47
4294967293,46
4294967293,45
4294967293,44
4294967293,43
4294967293,42
4294967293,41
4294967293,40
4294967293,39
4294967293,38
4294967293,37
4294967293,36
4294967293,35
4294967293,34
4294967293,33
4294967293,32
4294967293,31
4294967293,30
4294967293,29
4294967293,28
4294967293,27
4294967293,26
4294967293,25
4294967293,24
4294967293,23
4294967293,22
4294967293,21
4294967293,20
4294967293,19
4294967293,18
4294967293,17
4294967293,16
4294967293,15
4294967293,14
4294967293,13
4294967293,12
4294967293,11
4294967293,10
4294967293,9
4294967293,8
4294967293,7
4294967293,6
4294967293,5
4294967293,4
4294967293,3
4294967293,2
4294501266,0
4294501265,0
4294501264,0
4294501263,0
4294501262,0
4294501261,0
4294501260,0
4294501259,0
4294501258,0
4294501257,0
4294967293,0
4294967278,160
4294967278,47
4294967278,399
4294967278,159
4294967278,46
4294967278,352
4294967278,158
4294967278,45
4294967278,337
4294967278,157
4294967278,44
4294967278,391
4294967278,156
4294967278,43
4294967278,155
4294967278,362
4294967278,42
4294967278,327
4294967278,153
4294967278,41
4294967278,278
4294967278,152
4294967278,40
4294967278,334
4294967278,151
4294967278,39
4294967278,398
4294967278,150
4294967278,38
4294967278,332
4294967278,149
4294967278,37
4294967278,375
4294967278,148
4294967278,36
4294967278,147
4294967278,35
4294967278,340
4294967278,146
4294967278,34
4294967278,333
4294967278,145
4294967278,33
4294967278,320
4294967278,144
4294967278,32
4294967278,325
4294967278,143
4294967278,31
4294967278,386
4294967278,142
4294967278,30
4294967278,289
4294967278,141
4294967278,29
4294967278,330
4294967278,140
4294967278,28
4294967278,351
4294967278,139
4294967278,27
4294967278,287
4294967278,138
4294967278,26
4294967278,274
4294967278,441
4294967278,25
4294967278,440
4294967278,136
4294967278,24
4294967278,364
4294967278,135
4294967278,23
4294967278,329
4294967278,134
4294967278,22
4294967278,133
4294967278,21
4294967278,273
4294967278,20
4294967278,437
4294967278,272
4294967278,19
4294967278,363
4294967278,271
4294967278,18
4294967278,276
4294967278,270
4294967278,17
4294967278,372
4294967278,269
4294967278,16
4294967278,279
4294967278,268
4294967278,15
4294967278,326
4294967278,267
4294967278,14
4294967278,350
4294967278,266
4294967278,13
4294967278,328
4294967278,265
4294967278,12
4294967278,264
4294967278,436
4294967278,11
4294967278,262
4294967278,290
4294967278,10
4294967278,284
4294967278,379
4294967278,9
4294967278,435
4294967278,277
4294967278,8
4294967278,413
4294967278,282
4294967278,7
4294967278,347
4294967278,258
4294967278,6
4294967278,396
4294967278,257
4294967278,5
4294967278,397
4294967278,256
4294967278,4
4294967278,3
4294967279,524
4294967279,250
4294967279,132
4294967279,519
4294967279,547
4294967279,131
4294967279,366
4294967279,249
4294967279,130
4294967279,515
4294967279,553
4294967279,129
4294967279,551
4294967279,247
4294967279,128
4294967279,245
4294967279,246
4294967279,127
4294967279,514
4294967279,217
4294967279,126
4294967279,215
4294967279,244
4294967279,125
4294967279,242
4294967279,243
4294967279,124
4294967279,549
4294967279,319
4294967279,123
4294967279,550
4294967279,213
4294967279,122
4294967279,378
4294967279,318
4294967279,121
4294967279,375
4294967279,317
4294967279,120
4294967279,316
4294967279,374
4294967279,119
4294967279,315
4294967279,545
4294967279,118
4294967279,241
4294967279,313
4294967279,117
4294967279,240
4294967279,116
4294967279,324
4294967279,239
4294967279,115
4294967279,543
4294967279,238
4294967279,114
4294967279,356
4294967279,237
4294967279,113
4294967279,531
4294967279,235
4294967279,112
4294967279,370
4294967279,234
4294967279,111
4294967279,523
4294967279,232
4294967279,110
4294967279,355
4294967279,230
4294967279,109
4294967279,333
4294967279,229
4294967279,108
4294967279,341
4294967279,228
4294967279,107
4294967279,537
4294967279,226
4294967279,106
4294967279,211
4294967279,224
4294967279,105
4294967279,340
4294967279,222
4294967279,104
4294967279,376
4294967279,220
4294967279,103
4294967279,325
4294967279,218
4294967279,102
4294967279,236
4294967279,216
4294967279,101
4294967279,373
4294967279,214
4294967279,100
4294967279,559
4294967279,212
4294967279,99
4294967279,560
4294967279,210
4294967279,98
4294967279,339
4294967279,208
4294967279,97
4294967279,309
4294967279,209
4294967279,96
4294967279,277
4294967279,206
4294967279,95
4294967279,348
4294967279,205
4294967279,94
4294967279,546
4294967279,204
4294967279,93
4294967279,536
4294967279,203
4294967279,92
4294967279,233
4294967279,202
4294967279,91
4294967279,201
4294967279,90
4294967279,200
4294967279,89
4294967279,544
4294967279,199
4294967279,87
4294967279,541
4294967279,198
4294967279,86
4294967279,530
4294967279,197
4294967279,85
4294967279,562
4294967279,196
4294967279,84
4294967279,556
4294967279,195
4294967279,83
4294967279,194
4294967279,82
4294967279,330
4294967279,193
4294967279,81
4294967279,528
4294967279,192
4294967279,80
4294967279,191
4294967279,79
4294967279,371
4294967279,190
4294967279,78
4294967279,320
4294967279,189
4294967279,77
4294967279,521
4294967279,188
4294967279,76
4294967279,542
4294967279,187
4294967279,75
4294967279,363
4294967279,186
4294967279,74
4294967279,383
4294967279,185
4294967279,73
4294967279,557
4294967279,184
4294967279,72
4294967278,380
4294967278,48
4294967278,403
4294967278,49
4294967278,373
4294967278,50
4294967278,374
4294967278,164
4294967278,414
4294967278,165
4294967278,406
4294967278,166
4294967278,54
4294967278,167
4294967278,55
4294967278,168
4294967278,56
4294967278,169
4294967278,57
4294967278,442
4294967278,58
4294967278,365
4294967278,59
4294967278,392
4294967278,173
4294967278,280
4294967278,175
4294967278,426
4294967278,176
4294967278,361
4294967278,177
4294967278,64
4294967278,178
4294967278,65
4294967278,179
4294967278,66
4294967278,354
4294967278,67
4294967278,68
4294967278,182
4294967278,69
4294967278,183
4294967278,70
4294967278,393
4294967278,71
4294967278,285
4294967278,72
4294967278,416
4294967278,187
4294967278,341
4294967278,188
4294967278,303
4294967278,189
4294967278,76
4294967278,190
4294967278,77
4294967278,191
4294967278,78
4294967278,192
4294967278,79
4294967278,80
4294967278,194
4294967278,81
4294967278,195
4294967278,82
4294967278,349
4294967278,83
4294967278,342
4294967278,84
4294967278,419
4294967278,85
4294967278,408
4294967278,200
4294967278,418
4294967278,201
4294967278,387
4294967278,202
4294967278,90
4294967278,203
4294967278,91
4294967278,204
4294967278,92
4294967278,205
4294967278,93
4294967278,377
4294967278,94
4294967278,343
4294967278,95
4294967278,381
4294967278,209
4294967278,368
4294967278,211
4294967278,444
4294967278,213
